121	3	129
172	2	84
153	1	170
3	7	43
189	1	25
52	6	12
89	7	116
70	2	13
118	3	56
129	1	122
26	3	136
149	5	93
48	7	95
41	0	133
56	1	158
79	7	12
188	3	2
186	1	80
108	6	136
28	5	126
174	7	21
149	8	87
186	9	133
122	6	22
135	1	64
0	1	180
21	4	63
98	8	138
44	2	154
139	8	81
142	7	49
41	9	129
23	1	103
168	3	149
96	7	122
5	7	15
28	1	107
156	2	46
88	9	48
67	6	143
130	5	127
172	4	83
47	3	29
96	8	89
71	4	146
18	4	80
128	1	15
156	2	112
31	5	2
172	4	78
11	8	31
142	4	199
107	1	193
34	7	110
76	4	10
139	9	159
89	5	156
147	8	128
108	6	155
195	0	106
79	0	57
3	4	48
113	3	22
69	7	52
70	4	137
4	4	192
16	1	119
121	1	16
156	8	34
37	2	127
167	3	121
33	4	60
105	7	189
144	0	64
3	2	115
59	4	82
43	6	198
185	6	123
193	6	95
3	0	41
162	2	174
72	1	193
127	1	72
103	8	181
159	8	108
160	5	70
120	6	107
189	6	95
132	2	82
145	6	171
123	6	40
65	8	100
54	5	178
131	4	140
155	2	34
2	2	46
45	9	174
68	8	154
79	3	182
164	4	89
107	9	140
188	7	93
147	3	20
15	6	144
188	9	49
172	7	152
159	6	142
6	9	115
18	2	139
52	7	163
15	1	121
164	6	30
146	8	60
184	8	133
122	2	121
102	1	20
87	4	147
169	4	143
140	3	70
87	8	74
67	9	183
106	8	136
121	9	150
14	3	42
137	9	99
178	6	183
147	9	157
46	4	188
109	2	155
41	1	3
129	9	186
50	7	45
17	0	150
134	5	20
50	6	128
96	2	142
63	1	22
134	0	84
89	3	12
171	2	138
135	8	97
149	6	135
128	3	176
61	8	123
179	2	78
142	0	99
63	3	114
59	5	95
39	5	80
182	3	35
185	6	127
127	9	175
112	7	30
14	0	142
84	0	52
32	7	53
33	5	25
54	9	7
54	0	137
194	6	176
182	1	83
45	5	131
133	0	44
32	9	86
87	0	65
46	6	76
40	4	183
107	8	114
123	1	189
70	4	133
7	7	70
119	4	160
131	7	125
138	3	105
123	6	29
179	2	158
146	8	136
101	9	81
129	5	178
5	6	90
190	3	116
67	2	95
141	1	164
78	3	125
112	4	20
114	4	194
132	4	195
115	1	75
178	2	109
135	0	133
57	2	162
58	7	13
36	8	104
102	0	44
197	1	89
43	3	186
133	2	57
43	9	106
133	4	114
113	6	67
25	3	14
51	5	158
75	4	46
133	3	141
27	0	158
4	6	142
182	5	40
47	4	169
101	5	38
109	1	156
76	3	17
132	2	6
50	3	146
124	0	93
140	1	123
75	5	155
174	3	39
47	0	12
26	9	169
4	3	3
22	4	199
122	4	83
77	1	188
163	0	55
148	8	190
186	4	74
117	4	136
95	4	186
176	9	171
5	6	69
94	6	10
39	6	45
188	7	10
97	6	119
19	4	187
18	0	133
49	3	40
125	0	187
181	5	124
161	7	26
122	4	6
133	8	176
72	2	74
58	7	85
143	8	68
23	0	134
145	2	104
116	2	33
138	7	190
18	7	4
2	3	187
172	1	75
37	7	17
12	4	172
96	9	188
199	0	69
121	8	66
18	5	145
64	5	123
19	9	99
128	0	192
2	7	168
82	1	65
101	0	126
185	6	176
143	4	177
8	8	71
63	6	59
189	6	174
64	0	175
93	4	77
71	5	139
88	8	75
139	0	106
122	2	187
174	0	32
123	6	196
170	6	177
92	4	112
15	4	14
62	0	126
162	6	178
85	0	78
89	8	79
37	4	17
172	8	128
47	0	105
79	5	97
57	6	139
190	8	56
39	6	20
62	9	69
191	4	53
183	9	48
144	1	140
7	0	99
91	9	51
113	8	22
31	9	37
112	8	144
32	5	70
130	5	65
52	1	176
174	6	76
122	8	78
86	6	6
171	7	130
193	2	173
179	8	10
14	3	115
59	1	77
69	8	123
1	4	14
142	6	129
113	9	48
103	5	82
38	4	10
28	9	52
98	8	139
95	0	78
166	3	159
6	5	29
2	1	162
87	5	138
14	3	76
3	1	190
107	7	134
77	5	46
2	0	107
46	7	36
11	9	15
118	7	20
99	1	66
81	4	156
25	4	23
51	9	103
110	6	25
13	9	197
65	3	178
143	0	54
183	4	53
8	0	117
128	1	19
130	1	166
113	2	96
94	2	138
199	7	42
38	5	126
5	4	174
119	8	181
62	5	22
199	6	28
74	5	76
25	1	189
142	6	97
106	1	110
49	1	105
179	5	150
69	7	55
22	6	15
170	8	114
179	9	19
44	2	179
101	3	139
100	0	140
157	7	11
148	4	118
64	2	159
76	1	89
32	2	72
130	6	18
81	1	168
9	3	129
196	2	52
43	4	48
54	8	166
173	1	66
162	5	19
154	9	80
123	6	44
108	6	79
191	7	166
160	5	179
81	1	59
54	0	199
139	4	136
87	8	46
84	8	132
137	8	78
157	1	1
150	5	21
111	5	18
134	2	99
192	7	176
169	7	102
87	4	173
98	8	130
153	6	67
148	2	19
131	6	172
149	9	151
180	0	141
54	4	183
197	7	66
120	3	168
46	0	38
196	4	191
194	8	65
8	9	148
11	4	41
7	3	48
64	3	152
75	3	159
165	5	104
68	7	125
127	3	191
158	2	104
123	1	135
104	7	155
125	3	76
142	1	105
29	4	10
155	5	145
124	6	177
119	0	96
189	7	198
7	7	59
148	2	162
24	2	168
6	8	67
196	1	26
83	7	141
37	5	73
132	9	63
32	2	163
0	8	194
49	3	129
189	0	122
114	2	91
46	7	181
0	2	164
96	6	137
98	9	82
127	2	93
153	9	138
42	4	89
169	5	103
164	2	118
5	9	167
165	9	136
17	8	194
1	0	103
178	4	99
112	4	130
191	9	76
68	0	108
136	2	113
176	0	169
143	1	47
48	4	105
96	8	100
149	1	166
168	6	198
50	8	109
102	8	162
140	7	25
8	6	17
20	2	30
198	3	157
55	1	62
122	8	12
121	2	61
122	0	149
63	1	152
12	6	167
97	9	75
1	9	151
146	7	11
109	1	193
115	7	126
184	5	69
76	8	55
81	3	71
50	5	11
192	2	138
110	6	19
176	1	55
81	5	54
111	1	142
158	9	191
109	7	35
103	9	61
94	5	110
124	9	158
198	4	136
136	8	26
121	6	101
63	3	139
80	2	9
