0	96	7	60	30
1	99	58	89	18	95
2	17	66
3	22	34	47
4	62	72	94	95
5	24	48	88	83
6	53	0	21	31	38
7	68	99	67
8	43	28	69	99
9	57	7	70
10	50	68	34	32	93
11	82	64	15	20	35
12	75	7	66	87
13	71	46	16	49	20
14	60	23	64	27
15	11	0	9	34
16	63	73	95	59
17	47	43
18	40	81
19	94	65	3	89
20	87	43	21	6	35
21	97	48
22	46	92
23	58	33	71	22
24	5	19	73
25	6	15	57	54
26	43	90	54
27	96	73	27	68
28	84	66	16	96
29	13	40
30	10	69
31	63	68	1
32	55	19	53	81
33	3	47	94	81
34	12	96	58	83
35	87	37	12
36	34	1	53
37	75	21	99	6
38	53	51	41	38	16
39	3	37
40	69	42	6	88
41	73	29	31	2
42	51	15
43	87	74	68
44	40	4
45	14	12	63
46	47	31	33	3	87
47	26	86
48	70	5	24
49	3	51	60	68	65
